C.purple = [137 131 191]/255;
C.red = [242 121 112]/255;
C.green = [50 184 151]/255;
C.blue = [73 108 136]/255;
C.grey = [169 184 198]/255;
C.violet = [199 109 162]/255;
C.brown = [187 151 39]/255;
